threeML/data/optical_filters/NIRT/NSFCAM-Ks.ecsv
# %ECSV 0.9
# ---
# datatype:
# - {name: wavelength, unit: Angstrom, datatype: float32}
# - {name: response, datatype: float32}
# meta: !!omap
# - {band_name: Ks}
# - {group_name: NSFCAM}
wavelength response
17456.40039 0.0
19396.00000 0.00412
19401.00000 0.004303
19406.00000 0.004471
19410.00000 0.004639
19415.00000 0.00473
19420.00000 0.004929
19425.00000 0.005051
19430.00000 0.005249
19435.00000 0.005493
19440.00000 0.005737
19445.00000 0.006073
19450.00000 0.006348
19455.00000 0.006638
19460.00000 0.006958
19465.00000 0.007141
19470.00000 0.007385
19475.00000 0.00769
19480.00000 0.00798
19485.00000 0.008392
19490.00000 0.008743
19495.00000 0.009125
19500.00000 0.009506
19505.00000 0.009918
19510.00000 0.010437
19515.00000 0.01091
19520.00000 0.011414
19525.00000 0.011917
19530.00000 0.012405
19535.00000 0.012939
19540.00000 0.013458
19545.00000 0.014114
19550.00000 0.014709
19555.00000 0.015411
19560.00000 0.016144
19565.00000 0.016937
19570.00000 0.017807
19575.00000 0.018723
19580.00000 0.019653
19585.00000 0.020599
19590.00000 0.021591
19595.00000 0.022629
19600.00000 0.023743
19605.00000 0.024872
19610.00000 0.026108
19615.00000 0.027405
19620.00000 0.028778
19625.00000 0.030273
19630.00000 0.031738
19635.00000 0.033447
19640.00000 0.035172
19645.00000 0.037064
19650.00000 0.039169
19655.00000 0.041122
19660.00000 0.043396
19665.00000 0.045761
19670.00000 0.048126
19675.00000 0.050781
19680.00000 0.053253
19685.00000 0.056107
19690.00000 0.059006
19695.00000 0.06218
19700.00000 0.065765
19705.00000 0.069244
19710.00000 0.073135
19715.00000 0.077209
19720.00000 0.081467
19725.00000 0.086105
19730.00000 0.090622
19735.00000 0.095627
19740.00000 0.10083
19745.00000 0.106293
19750.00000 0.112366
19755.00000 0.118393
19760.00000 0.124786
19765.00000 0.13179
19769.00000 0.138931
19774.00000 0.146667
19779.00000 0.154251
19784.00000 0.162323
19789.00000 0.170929
19794.00000 0.180176
19799.00000 0.189972
19804.00000 0.199951
19809.00000 0.210236
19814.00000 0.220795
19819.00000 0.23201
19824.00000 0.243835
19829.00000 0.255402
19834.00000 0.268082
19839.00000 0.280807
19844.00000 0.293869
19849.00000 0.308121
19854.00000 0.321854
19859.00000 0.336426
19864.00000 0.351944
19869.00000 0.367249
19874.00000 0.383163
19879.00000 0.398758
19884.00000 0.41452
19889.00000 0.431
19894.00000 0.447937
19899.00000 0.465393
19904.00000 0.482925
19909.00000 0.500015
19914.00000 0.516174
19919.00000 0.533752
19924.00000 0.549927
19929.00000 0.56752
19934.00000 0.585266
19939.00000 0.602448
19944.00000 0.619843
19949.00000 0.636658
19954.00000 0.652481
19959.00000 0.668671
19964.00000 0.684387
19969.00000 0.700134
19974.00000 0.715912
19979.00000 0.730667
19984.00000 0.744751
19989.00000 0.75853
19994.00000 0.772079
19999.00000 0.784531
20004.00000 0.796844
20009.00000 0.808563
20014.00000 0.819504
20019.00000 0.830475
20024.00000 0.8405
20029.00000 0.849762
20034.00000 0.858719
20039.00000 0.866623
20044.00000 0.874252
20049.00000 0.881104
20054.00000 0.887146
20059.00000 0.893417
20064.00000 0.899384
20069.00000 0.904434
20074.00000 0.909409
20079.00000 0.912796
20084.00000 0.916138
20089.00000 0.918823
20094.00000 0.92067
20099.00000 0.922577
20104.00000 0.923782
20109.00000 0.925369
20114.00000 0.926971
20119.00000 0.928497
20123.00000 0.929535
20128.00000 0.929581
20133.00000 0.929733
20138.00000 0.929459
20143.00000 0.929428
20148.00000 0.929779
20153.00000 0.928818
20158.00000 0.928299
20163.00000 0.926849
20168.00000 0.925461
20173.00000 0.924622
20178.00000 0.922989
20183.00000 0.922012
20188.00000 0.920807
20193.00000 0.919373
20198.00000 0.918533
20203.00000 0.917725
20208.00000 0.916397
20213.00000 0.916336
20218.00000 0.914841
20223.00000 0.912888
20228.00000 0.911926
20233.00000 0.910156
20238.00000 0.909149
20243.00000 0.908783
20248.00000 0.908081
20253.00000 0.907532
20258.00000 0.906937
20263.00000 0.906921
20268.00000 0.906204
20273.00000 0.905762
20278.00000 0.905441
20283.00000 0.904297
20288.00000 0.904312
20293.00000 0.903885
20298.00000 0.903976
20303.00000 0.904312
20308.00000 0.904037
20313.00000 0.904602
20318.00000 0.904327
20323.00000 0.904678
20328.00000 0.905762
20333.00000 0.906036
20338.00000 0.90741
20343.00000 0.908234
20348.00000 0.908691
20353.00000 0.910233
20358.00000 0.911438
20363.00000 0.912766
20368.00000 0.914581
20373.00000 0.915878
20378.00000 0.917007
20383.00000 0.918884
20388.00000 0.920395
20393.00000 0.922134
20398.00000 0.92392
20403.00000 0.925598
20408.00000 0.926941
20413.00000 0.928177
20418.00000 0.930023
20423.00000 0.931229
20428.00000 0.932922
20433.00000 0.934799
20438.00000 0.936218
20443.00000 0.937637
20448.00000 0.93895
20453.00000 0.940323
20458.00000 0.941971
20463.00000 0.943848
20468.00000 0.945145
20473.00000 0.946854
20478.00000 0.948578
20482.00000 0.94989
20487.00000 0.952057
20492.00000 0.953201
20497.00000 0.954025
20502.00000 0.955383
20507.00000 0.956268
20512.00000 0.956772
20517.00000 0.958298
20522.00000 0.959503
20527.00000 0.960037
20532.00000 0.962479
20537.00000 0.962906
20542.00000 0.962967
20547.00000 0.963959
20552.00000 0.963196
20557.00000 0.96315
20562.00000 0.963058
20567.00000 0.963547
20572.00000 0.963654
20577.00000 0.96431
20582.00000 0.965637
20587.00000 0.965195
20592.00000 0.965759
20597.00000 0.966156
20602.00000 0.965332
20607.00000 0.965698
20612.00000 0.965439
20617.00000 0.964661
20622.00000 0.964249
20627.00000 0.963486
20632.00000 0.962708
20637.00000 0.961533
20642.00000 0.961212
20647.00000 0.960754
20652.00000 0.960342
20657.00000 0.96106
20662.00000 0.961029
20667.00000 0.960342
20672.00000 0.960403
20677.00000 0.959045
20682.00000 0.958023
20687.00000 0.957397
20692.00000 0.956009
20697.00000 0.955383
20702.00000 0.954193
20707.00000 0.954224
20712.00000 0.953461
20717.00000 0.952942
20722.00000 0.953018
20727.00000 0.951447
20732.00000 0.951019
20737.00000 0.950119
20742.00000 0.949005
20747.00000 0.948471
20752.00000 0.947281
20757.00000 0.946747
20762.00000 0.945892
20767.00000 0.94516
20772.00000 0.944275
20777.00000 0.943695
20782.00000 0.943039
20787.00000 0.942108
20792.00000 0.942795
20797.00000 0.942307
20802.00000 0.942474
20807.00000 0.942764
20812.00000 0.94223
20817.00000 0.9422
20822.00000 0.941849
20827.00000 0.941742
20832.00000 0.941086
20836.00000 0.941422
20841.00000 0.941559
20846.00000 0.940918
20851.00000 0.941818
20856.00000 0.941162
20861.00000 0.940887
20866.00000 0.941833
20871.00000 0.94136
20876.00000 0.941071
20881.00000 0.941284
20886.00000 0.941147
20891.00000 0.940979
20896.00000 0.941513
20901.00000 0.941528
20906.00000 0.941315
20911.00000 0.940826
20916.00000 0.940598
20921.00000 0.940735
20926.00000 0.940811
20931.00000 0.942032
20936.00000 0.942871
20941.00000 0.942566
20946.00000 0.943222
20951.00000 0.943054
20956.00000 0.942795
20961.00000 0.944397
20966.00000 0.944412
20971.00000 0.944885
20976.00000 0.94519
20981.00000 0.944901
20986.00000 0.945084
20991.00000 0.945709
20996.00000 0.946075
21001.00000 0.946289
21006.00000 0.946533
21011.00000 0.946701
21016.00000 0.946747
21021.00000 0.946487
21026.00000 0.947662
21031.00000 0.947159
21036.00000 0.948029
21041.00000 0.948563
21046.00000 0.947357
21051.00000 0.948135
21056.00000 0.947784
21061.00000 0.947464
21066.00000 0.948441
21071.00000 0.948196
21076.00000 0.948212
21081.00000 0.948318
21086.00000 0.947632
21091.00000 0.946823
21096.00000 0.946472
21101.00000 0.946365
21106.00000 0.946274
21111.00000 0.946869
21116.00000 0.946945
21121.00000 0.947357
21126.00000 0.947601
21131.00000 0.947739
21136.00000 0.94693
21141.00000 0.946472
21146.00000 0.946136
21151.00000 0.945175
21156.00000 0.946442
21161.00000 0.946152
21166.00000 0.945343
21171.00000 0.946136
21176.00000 0.945404
21181.00000 0.945374
21186.00000 0.946182
21191.00000 0.945969
21195.00000 0.945709
21200.00000 0.945435
21205.00000 0.944717
21210.00000 0.943588
21215.00000 0.943161
21220.00000 0.942413
21225.00000 0.941956
21230.00000 0.94165
21235.00000 0.941147
21240.00000 0.940994
21245.00000 0.940872
21250.00000 0.941208
21255.00000 0.940552
21260.00000 0.940674
21265.00000 0.940536
21270.00000 0.940018
21275.00000 0.94046
21280.00000 0.940536
21285.00000 0.940231
21290.00000 0.940079
21295.00000 0.939987
21300.00000 0.939743
21305.00000 0.939377
21310.00000 0.939194
21315.00000 0.938797
21320.00000 0.937469
21325.00000 0.937424
21330.00000 0.937012
21335.00000 0.936447
21340.00000 0.936447
21345.00000 0.935928
21350.00000 0.935165
21355.00000 0.934753
21360.00000 0.934845
21365.00000 0.934525
21370.00000 0.934692
21375.00000 0.93428
21380.00000 0.934143
21385.00000 0.934845
21390.00000 0.935318
21395.00000 0.936661
21400.00000 0.936905
21405.00000 0.93605
21410.00000 0.93573
21415.00000 0.935089
21420.00000 0.935074
21425.00000 0.935074
21430.00000 0.935623
21435.00000 0.936111
21440.00000 0.935471
21445.00000 0.936279
21450.00000 0.936401
21455.00000 0.935394
21460.00000 0.936325
21465.00000 0.936249
21470.00000 0.93544
21475.00000 0.936829
21480.00000 0.937073
21485.00000 0.936737
21490.00000 0.937546
21495.00000 0.93718
21500.00000 0.936523
21505.00000 0.937531
21510.00000 0.937653
21515.00000 0.938232
21520.00000 0.939423
21525.00000 0.93959
21530.00000 0.939697
21535.00000 0.939774
21540.00000 0.93988
21545.00000 0.939926
21549.00000 0.940277
21554.00000 0.940598
21559.00000 0.940598
21564.00000 0.940887
21569.00000 0.941422
21574.00000 0.940826
21579.00000 0.941467
21584.00000 0.941483
21589.00000 0.941193
21594.00000 0.942459
21599.00000 0.942993
21604.00000 0.943436
21609.00000 0.944412
21614.00000 0.944061
21619.00000 0.944168
21624.00000 0.945267
21629.00000 0.945541
21634.00000 0.947067
21639.00000 0.94754
21644.00000 0.947617
21649.00000 0.9487
21654.00000 0.948807
21659.00000 0.949371
21664.00000 0.949295
21669.00000 0.949005
21674.00000 0.949249
21679.00000 0.948975
21684.00000 0.949707
21689.00000 0.949905
21694.00000 0.949921
21699.00000 0.950394
21704.00000 0.950256
21709.00000 0.94986
21714.00000 0.94989
21719.00000 0.950256
21724.00000 0.950073
21729.00000 0.95134
21734.00000 0.949982
21739.00000 0.949173
21744.00000 0.949905
21749.00000 0.949371
21754.00000 0.950012
21759.00000 0.950333
21764.00000 0.949768
21769.00000 0.949249
21774.00000 0.949265
21779.00000 0.950089
21784.00000 0.95195
21789.00000 0.95285
21794.00000 0.952911
21799.00000 0.95192
21804.00000 0.951004
21809.00000 0.950119
21814.00000 0.951096
21819.00000 0.951096
21824.00000 0.949402
21829.00000 0.949219
21834.00000 0.949448
21839.00000 0.949127
21844.00000 0.950058
21849.00000 0.951263
21854.00000 0.951492
21859.00000 0.952011
21864.00000 0.950882
21869.00000 0.949478
21874.00000 0.947693
21879.00000 0.947433
21884.00000 0.947952
21889.00000 0.947159
21894.00000 0.947769
21899.00000 0.948608
21903.00000 0.948547
21908.00000 0.94899
21913.00000 0.948883
21918.00000 0.946838
21923.00000 0.946945
21928.00000 0.947845
21933.00000 0.947693
21938.00000 0.948135
21943.00000 0.948105
21948.00000 0.946823
21953.00000 0.946304
21958.00000 0.946304
21963.00000 0.945618
21968.00000 0.945602
21973.00000 0.946167
21978.00000 0.946411
21983.00000 0.945953
21988.00000 0.946472
21993.00000 0.945969
21998.00000 0.945328
22003.00000 0.945602
22008.00000 0.944885
22013.00000 0.944138
22018.00000 0.944473
22023.00000 0.944305
22028.00000 0.944351
22033.00000 0.944504
22038.00000 0.944046
22043.00000 0.943985
22048.00000 0.944366
22053.00000 0.94426
22058.00000 0.944214
22063.00000 0.944397
22068.00000 0.943832
22073.00000 0.94426
22078.00000 0.94458
22083.00000 0.944473
22088.00000 0.944641
22093.00000 0.944412
22098.00000 0.94368
22103.00000 0.943466
22108.00000 0.943359
22113.00000 0.943619
22118.00000 0.944
22123.00000 0.944214
22128.00000 0.944504
22133.00000 0.943985
22138.00000 0.94368
22143.00000 0.943787
22148.00000 0.943359
22153.00000 0.943649
22158.00000 0.943878
22163.00000 0.943649
22168.00000 0.944168
22173.00000 0.944122
22178.00000 0.944595
22183.00000 0.944962
22188.00000 0.94519
22193.00000 0.945557
22198.00000 0.945404
22203.00000 0.945618
22208.00000 0.945435
22213.00000 0.945068
22218.00000 0.944626
22223.00000 0.944168
22228.00000 0.943924
22233.00000 0.944427
22238.00000 0.944855
22243.00000 0.944794
22248.00000 0.94545
22253.00000 0.945618
22258.00000 0.945953
22262.00000 0.94632
22267.00000 0.945572
22272.00000 0.945023
22277.00000 0.944641
22282.00000 0.944855
22287.00000 0.944717
22292.00000 0.944717
22297.00000 0.945221
22302.00000 0.944595
22307.00000 0.945206
22312.00000 0.945007
22317.00000 0.94429
22322.00000 0.944214
22327.00000 0.943817
22332.00000 0.943985
22337.00000 0.943756
22342.00000 0.944336
22347.00000 0.944214
22352.00000 0.944107
22357.00000 0.944763
22362.00000 0.944687
22367.00000 0.945221
22372.00000 0.94574
22377.00000 0.945938
22382.00000 0.946228
22387.00000 0.945374
22392.00000 0.944733
22397.00000 0.944138
22402.00000 0.943466
22407.00000 0.94397
22412.00000 0.944153
22417.00000 0.944077
22422.00000 0.944153
22427.00000 0.943878
22432.00000 0.943756
22437.00000 0.943893
22442.00000 0.94368
22447.00000 0.944153
22452.00000 0.944
22457.00000 0.943756
22462.00000 0.943817
22467.00000 0.943542
22472.00000 0.943924
22477.00000 0.944229
22482.00000 0.944412
22487.00000 0.944275
22492.00000 0.944214
22497.00000 0.944229
22502.00000 0.944412
22507.00000 0.944809
22512.00000 0.945084
22517.00000 0.945038
22522.00000 0.945694
22527.00000 0.945755
22532.00000 0.945831
22537.00000 0.945984
22542.00000 0.945572
22547.00000 0.945694
22552.00000 0.946106
22557.00000 0.946152
22562.00000 0.946365
22567.00000 0.946671
22572.00000 0.946823
22577.00000 0.947998
22582.00000 0.947845
22587.00000 0.948166
22592.00000 0.948349
22597.00000 0.947464
22602.00000 0.948486
22607.00000 0.94812
22612.00000 0.947784
22616.00000 0.948456
22621.00000 0.94873
22626.00000 0.949585
22631.00000 0.949783
22636.00000 0.950394
22641.00000 0.94957
22646.00000 0.949234
22651.00000 0.94957
22656.00000 0.947571
22661.00000 0.947937
22666.00000 0.948105
22671.00000 0.947968
22676.00000 0.949158
22681.00000 0.948563
22686.00000 0.9478
22691.00000 0.947586
22696.00000 0.947418
22701.00000 0.947845
22706.00000 0.947845
22711.00000 0.947357
22716.00000 0.947021
22721.00000 0.945526
22726.00000 0.944458
22731.00000 0.943939
22736.00000 0.942596
22741.00000 0.941864
22746.00000 0.940598
22751.00000 0.938797
22756.00000 0.937714
22761.00000 0.935745
22766.00000 0.934097
22771.00000 0.932007
22776.00000 0.929321
22781.00000 0.927719
22786.00000 0.925247
22791.00000 0.922577
22796.00000 0.919754
22801.00000 0.916138
22806.00000 0.912857
22811.00000 0.90976
22816.00000 0.905914
22821.00000 0.902634
22826.00000 0.899139
22831.00000 0.895798
22836.00000 0.89241
22841.00000 0.887573
22846.00000 0.882492
22851.00000 0.876205
22856.00000 0.869156
22861.00000 0.862579
22866.00000 0.85498
22871.00000 0.84729
22876.00000 0.839722
22881.00000 0.831375
22886.00000 0.822739
22891.00000 0.813507
22896.00000 0.803848
22901.00000 0.793365
22906.00000 0.782501
22911.00000 0.771347
22916.00000 0.758972
22921.00000 0.747345
22926.00000 0.734589
22931.00000 0.72139
22936.00000 0.707993
22941.00000 0.693665
22946.00000 0.678757
22951.00000 0.663788
22956.00000 0.648102
22961.00000 0.632065
22966.00000 0.616104
22971.00000 0.599731
22975.00000 0.583939
22980.00000 0.566864
22985.00000 0.550781
22990.00000 0.533081
22995.00000 0.515442
23000.00000 0.497696
23005.00000 0.479843
23010.00000 0.46199
23015.00000 0.444748
23020.00000 0.42749
23025.00000 0.40976
23030.00000 0.392502
23035.00000 0.375854
23040.00000 0.358612
23045.00000 0.342484
23050.00000 0.326996
23055.00000 0.311157
23060.00000 0.297073
23065.00000 0.283157
23070.00000 0.269287
23075.00000 0.255936
23080.00000 0.242905
23085.00000 0.230743
23090.00000 0.218979
23095.00000 0.207626
23100.00000 0.196762
23105.00000 0.18576
23110.00000 0.175934
23115.00000 0.166367
23120.00000 0.157166
23125.00000 0.14859
23130.00000 0.140305
23135.00000 0.132568
23140.00000 0.125504
23145.00000 0.118515
23150.00000 0.111771
23155.00000 0.105469
23160.00000 0.099609
23165.00000 0.094055
23170.00000 0.088852
23175.00000 0.083771
23180.00000 0.079025
23185.00000 0.074631
23190.00000 0.070679
23195.00000 0.066757
23200.00000 0.063034
23205.00000 0.059479
23210.00000 0.056107
23215.00000 0.052979
23220.00000 0.049973
23225.00000 0.047165
23230.00000 0.044571
23235.00000 0.042221
23240.00000 0.040085
23245.00000 0.038025
23250.00000 0.03595
23255.00000 0.034058
23260.00000 0.032211
23265.00000 0.030502
23270.00000 0.028885
23275.00000 0.027359
23280.00000 0.026001
23285.00000 0.024536
23290.00000 0.0233
23295.00000 0.02211
23300.00000 0.02092
23305.00000 0.020004
23310.00000 0.019089
23315.00000 0.018097
23320.00000 0.017227
23325.00000 0.016312
23329.00000 0.015427
23334.00000 0.014694
23339.00000 0.013947
23344.00000 0.01326
23349.00000 0.012634
23354.00000 0.012054
23359.00000 0.011475
23364.00000 0.01091
23369.00000 0.010361
23374.00000 0.009918
23379.00000 0.009506
23384.00000 0.009003
23389.00000 0.008652
23394.00000 0.008148
23399.00000 0.007767
23404.00000 0.007431
23409.00000 0.007095
23414.00000 0.006836
23419.00000 0.006577
23424.00000 0.006317
23429.00000 0.006119
23434.00000 0.005814
23439.00000 0.005569
23444.00000 0.005371
23449.00000 0.005096
23454.00000 0.004868
23459.00000 0.004623
23464.00000 0.00444
23469.00000 0.004211
23474.00000 0.004105
25821.40039 0.0
